# 9 kernels normal
80, 08-02-2022 16:37:00, 99.000              ,255.840             ,41.016              ,4759.000            ,37.300              ,35.817              
80, 08-02-2022 16:37:01, 99.000              ,257.883             ,46.094              ,4766.000            ,35.700              ,69.861              
80, 08-02-2022 16:37:02, 99.000              ,257.883             ,40.234              ,4768.000            ,35.500              ,62.723              
80, 08-02-2022 16:37:03, 100.000             ,257.883             ,44.531              ,4775.000            ,31.900              ,65.405              
80, 08-02-2022 16:37:04, 100.000             ,257.883             ,38.281              ,4779.000            ,36.300              ,38.028              
80, 08-02-2022 16:37:05, 99.000              ,257.883             ,41.016              ,4787.000            ,36.300              ,42.879              
80, 08-02-2022 16:37:06, 99.000              ,257.883             ,36.719              ,4798.000            ,36.900              ,36.780              
80, 08-02-2022 16:37:07, 98.000              ,274.598             ,51.172              ,4816.000            ,28.300              ,61.691              
80, 08-02-2022 16:37:08, 100.000             ,274.598             ,41.797              ,4816.000            ,33.400              ,35.266              
80, 08-02-2022 16:37:09, 99.000              ,274.598             ,42.969              ,4816.000            ,32.900              ,35.295              
80, 08-02-2022 16:37:10, 99.000              ,274.598             ,30.859              ,4803.000            ,33.300              ,35.062          
# 9 kernels random
80, 08-02-2022 16:38:30, 99.000              ,255.727             ,18.750              ,4691.000            ,37.900              ,37.426              
80, 08-02-2022 16:38:31, 99.000              ,256.434             ,12.891              ,4691.000            ,37.900              ,36.991              
80, 08-02-2022 16:38:32, 99.000              ,256.879             ,24.609              ,4691.000            ,37.300              ,41.651              
80, 08-02-2022 16:38:33, 99.000              ,256.879             ,13.281              ,4691.000            ,37.500              ,37.762              
80, 08-02-2022 16:38:34, 99.000              ,256.879             ,16.406              ,4693.000            ,37.900              ,39.783              
80, 08-02-2022 16:38:35, 99.000              ,257.063             ,15.625              ,4698.000            ,37.900              ,37.938              
80, 08-02-2022 16:38:36, 99.000              ,258.289             ,19.922              ,4711.000            ,37.900              ,36.525              
80, 08-02-2022 16:38:37, 99.000              ,264.719             ,23.047              ,4712.000            ,33.900              ,40.987              
80, 08-02-2022 16:38:38, 99.000              ,267.074             ,16.016              ,4717.000            ,34.700              ,37.103              
80, 08-02-2022 16:38:39, 99.000              ,267.258             ,16.797              ,4717.000            ,35.400              ,36.893              
80, 08-02-2022 16:38:40, 97.000              ,267.520             ,17.578              ,4714.000            ,35.300              ,40.199              
80, 08-02-2022 16:38:41, 99.000              ,268.418             ,10.547              ,4714.000            ,35.100              ,35.749              
80, 08-02-2022 16:38:42, 99.000              ,269.340             ,14.063              ,4714.000            ,34.600              ,37.517              
80, 08-02-2022 16:38:43, 99.000              ,271.227             ,15.625              ,4714.000            ,34.000              ,40.374              
80, 08-02-2022 16:38:44, 99.000              ,271.227             ,19.922              ,4774.000            ,33.900              ,35.743              
80, 08-02-2022 16:38:45, 99.000              ,272.188             ,14.063              ,4775.000            ,34.300              ,37.346              
80, 08-02-2022 16:38:46, 99.000              ,275.070             ,18.750              ,4777.000            ,32.800              ,41.048              
80, 08-02-2022 16:38:47, 99.000              ,275.070             ,19.141              ,4777.000            ,33.400              ,40.310              
80, 08-02-2022 16:38:48, 99.000              ,275.070             ,19.141              ,4729.000            ,33.400              ,36.544              
# 99 kernels normal
80, 08-02-2022 16:40:31, 76.000              ,277.785             ,31.250              ,4775.000            ,21.500              ,217.782             
80, 08-02-2022 16:40:32, 86.000              ,277.785             ,26.953              ,4832.000            ,20.100              ,88.469              
80, 08-02-2022 16:40:33, 82.000              ,277.785             ,31.250              ,4870.000            ,20.600              ,85.798              
80, 08-02-2022 16:40:34, 31.000              ,277.785             ,23.828              ,4901.000            ,12.700              ,327.620             
80, 08-02-2022 16:40:35, 100.000             ,277.785             ,18.359              ,4915.000            ,4.600               ,490.241             
80, 08-02-2022 16:40:36, 44.000              ,277.785             ,23.047              ,4937.000            ,4.700               ,382.455             
80, 08-02-2022 16:40:37, 33.000              ,277.785             ,18.750              ,4964.000            ,4.900               ,461.803             
80, 08-02-2022 16:40:38, 99.000              ,277.785             ,13.281              ,4972.000            ,17.300              ,248.749             
80, 08-02-2022 16:40:39, 99.000              ,277.785             ,28.906              ,4974.000            ,23.200              ,99.100              
80, 08-02-2022 16:40:40, 52.000              ,277.785             ,22.656              ,4978.000            ,24.500              ,78.874              
80, 08-02-2022 16:40:41, 99.000              ,277.785             ,21.484              ,4991.000            ,26.500              ,54.372              
80, 08-02-2022 16:40:42, 99.000              ,277.785             ,15.625              ,5005.000            ,27.500              ,62.582              
80, 08-02-2022 16:40:43, 56.000              ,324.195             ,39.844              ,5062.000            ,16.500              ,134.851             
80, 08-02-2022 16:40:44, 48.000              ,421.770             ,62.891              ,5148.000            ,6.700               ,188.228             
80, 08-02-2022 16:40:45, 50.000              ,461.496             ,46.484              ,5185.000            ,5.200               ,260.721             
80, 08-02-2022 16:40:46, 99.000              ,461.246             ,50.000              ,5122.000            ,12.900              ,113.608             
80, 08-02-2022 16:40:47, 99.000              ,461.246             ,26.172              ,5122.000            ,13.200              ,85.452              
80, 08-02-2022 16:40:48, 100.000             ,461.246             ,22.266              ,5122.000            ,13.500              ,85.482              
80, 08-02-2022 16:40:49, 99.000              ,461.246             ,25.391              ,5122.000            ,13.500              ,86.475              
80, 08-02-2022 16:40:50, 99.000              ,461.246             ,26.953              ,5122.000            ,14.000              ,84.381              
80, 08-02-2022 16:40:51, 100.000             ,461.246             ,23.828              ,5122.000            ,14.300              ,85.397              
80, 08-02-2022 16:40:52, 99.000              ,461.246             ,25.781              ,5122.000            ,14.000              ,85.956              
80, 08-02-2022 16:40:53, 99.000              ,461.246             ,21.875              ,5122.000            ,14.300              ,85.617              
# 99 kernels random
80, 08-02-2022 16:42:02, 99.000              ,257.953             ,23.047              ,4658.000            ,28.400              ,55.022              
80, 08-02-2022 16:42:03, 99.000              ,259.996             ,22.656              ,4672.000            ,27.400              ,57.321              
80, 08-02-2022 16:42:04, 99.000              ,262.668             ,25.781              ,4693.000            ,26.800              ,57.954              
80, 08-02-2022 16:42:05, 99.000              ,264.449             ,26.563              ,4717.000            ,25.800              ,54.028              
80, 08-02-2022 16:42:06, 93.000              ,266.676             ,24.609              ,4741.000            ,25.200              ,63.330              
80, 08-02-2022 16:42:07, 99.000              ,269.531             ,24.609              ,4772.000            ,25.100              ,52.148              
80, 08-02-2022 16:42:08, 95.000              ,274.246             ,25.781              ,4806.000            ,24.800              ,58.884              
80, 08-02-2022 16:42:09, 82.000              ,281.371             ,37.500              ,4839.000            ,20.600              ,67.319              
80, 08-02-2022 16:42:10, 95.000              ,290.852             ,38.281              ,4858.000            ,20.600              ,64.638              
80, 08-02-2022 16:42:11, 75.000              ,301.891             ,34.766              ,4890.000            ,18.900              ,74.908              
80, 08-02-2022 16:42:12, 93.000              ,310.301             ,31.250              ,4907.000            ,18.500              ,89.952              
80, 08-02-2022 16:42:13, 99.000              ,320.574             ,28.125              ,4920.000            ,20.100              ,79.685              
80, 08-02-2022 16:42:14, 99.000              ,337.676             ,34.375              ,4932.000            ,17.600              ,87.281              
80, 08-02-2022 16:42:15, 99.000              ,349.066             ,30.469              ,4943.000            ,18.600              ,78.933              
80, 08-02-2022 16:42:16, 99.000              ,357.535             ,25.000              ,4953.000            ,18.600              ,70.947              
80, 08-02-2022 16:42:17, 98.000              ,376.012             ,31.250              ,4970.000            ,17.100              ,95.182              
80, 08-02-2022 16:42:18, 99.000              ,393.066             ,28.125              ,4973.000            ,16.600              ,80.874              
80, 08-02-2022 16:42:19, 99.000              ,407.426             ,51.172              ,4993.000            ,15.900              ,102.450             
80, 08-02-2022 16:42:20, 100.000             ,431.785             ,34.375              ,5021.000            ,15.600              ,79.672              
80, 08-02-2022 16:42:21, 99.000              ,442.121             ,30.859              ,4981.000            ,15.100              ,94.587              
80, 08-02-2022 16:42:22, 99.000              ,451.137             ,21.484              ,4981.000            ,14.400              ,91.208              
80, 08-02-2022 16:42:23, 99.000              ,459.387             ,23.047              ,4998.000            ,13.900              ,85.313              
80, 08-02-2022 16:42:24, 99.000              ,459.910             ,25.000              ,4998.000            ,13.900              ,84.297              
80, 08-02-2022 16:42:25, 99.000              ,459.910             ,29.297              ,4998.000            ,14.000              ,87.530              
80, 08-02-2022 16:42:26, 99.000              ,459.910             ,21.484              ,4998.000            ,13.900              ,84.545              
80, 08-02-2022 16:42:27, 99.000              ,459.910             ,20.703              ,4998.000            ,14.000              ,85.079              
80, 08-02-2022 16:42:28, 99.000              ,459.910             ,20.313              ,4998.000            ,13.900              ,84.065              
80, 08-02-2022 16:42:29, 99.000              ,459.910             ,20.703              ,4998.000            ,14.000              ,83.911              
80, 08-02-2022 16:42:30, 100.000             ,459.910             ,17.969              ,4998.000            ,13.900              ,84.103             
# 315 kernels normal
80, 08-02-2022 16:44:00, 44.000              ,325.902             ,30.078              ,4777.000            ,10.700              ,527.301             
80, 08-02-2022 16:44:01, 42.000              ,325.879             ,28.906              ,4832.000            ,8.500               ,187.803             
80, 08-02-2022 16:44:02, 37.000              ,325.879             ,33.203              ,4899.000            ,7.700               ,134.254             
80, 08-02-2022 16:44:03, 44.000              ,325.879             ,33.984              ,4978.000            ,7.300               ,158.106             
80, 08-02-2022 16:44:04, 57.000              ,325.879             ,30.469              ,5030.000            ,7.800               ,200.445             
80, 08-02-2022 16:44:05, 49.000              ,325.879             ,33.203              ,5066.000            ,8.200               ,182.824             
80, 08-02-2022 16:44:06, 48.000              ,325.879             ,32.813              ,5135.000            ,7.500               ,158.796             
80, 08-02-2022 16:44:07, 0.000               ,325.879             ,29.688              ,5147.000            ,10.700              ,126.322             
80, 08-02-2022 16:44:08, 59.000              ,325.879             ,25.000              ,5186.000            ,5.600               ,825.338             
80, 08-02-2022 16:44:09, 0.000               ,325.879             ,29.688              ,5234.000            ,2.000               ,762.166             
80, 08-02-2022 16:44:10, 0.000               ,325.879             ,24.184              ,5232.000            ,0.900               ,1039.494            
80, 08-02-2022 16:44:11, 33.000              ,325.879             ,25.048              ,5261.000            ,1.700               ,649.602             
80, 08-02-2022 16:44:12, 0.000               ,325.879             ,22.656              ,5278.000            ,2.100               ,730.528             
80, 08-02-2022 16:44:13, 0.000               ,325.879             ,22.656              ,5320.000            ,1.900               ,909.166             
80, 08-02-2022 16:44:14, 100.000             ,325.879             ,23.047              ,5340.000            ,2.200               ,688.730             
80, 08-02-2022 16:44:15, 100.000             ,325.879             ,27.734              ,5361.000            ,1.900               ,1001.524            
80, 08-02-2022 16:44:16, 0.000               ,325.879             ,28.906              ,5427.000            ,1.700               ,693.573             
80, 08-02-2022 16:44:17, 100.000             ,325.879             ,17.969              ,5439.000            ,7.400               ,791.456             
80, 08-02-2022 16:44:18, 99.000              ,325.879             ,17.188              ,5452.000            ,15.700              ,120.230             
80, 08-02-2022 16:44:19, 52.000              ,325.879             ,32.422              ,5455.000            ,5.700               ,298.133             
80, 08-02-2022 16:44:20, 99.000              ,325.879             ,30.859              ,5486.000            ,10.800              ,306.037             
80, 08-02-2022 16:44:21, 79.000              ,325.879             ,25.000              ,5488.000            ,15.500              ,111.661             
80, 08-02-2022 16:44:22, 91.000              ,325.879             ,28.906              ,5514.000            ,9.700               ,207.341             
80, 08-02-2022 16:44:23, 99.000              ,325.879             ,23.828              ,5525.000            ,15.900              ,76.811              
80, 08-02-2022 16:44:24, 84.000              ,325.879             ,30.859              ,5550.000            ,13.900              ,105.818             
80, 08-02-2022 16:44:25, 100.000             ,325.879             ,21.875              ,5567.000            ,17.200              ,78.884              
80, 08-02-2022 16:44:26, 48.000              ,331.734             ,35.547              ,5602.000            ,11.800              ,183.766             
80, 08-02-2022 16:44:27, 50.000              ,396.598             ,48.047              ,5659.000            ,4.800               ,275.861             
80, 08-02-2022 16:44:28, 62.000              ,477.336             ,49.219              ,5742.000            ,4.200               ,315.950             
80, 08-02-2022 16:44:29, 12.000              ,579.926             ,58.984              ,5828.000            ,2.600               ,450.359             
80, 08-02-2022 16:44:30, 67.000              ,650.910             ,55.859              ,5902.000            ,1.500               ,672.363             
80, 08-02-2022 16:44:31, 18.000              ,746.277             ,56.641              ,5967.000            ,1.900               ,573.420             
80, 08-02-2022 16:44:32, 0.000               ,796.645             ,55.469              ,5981.000            ,1.700               ,656.471             
80, 08-02-2022 16:44:33, 79.000              ,859.371             ,55.078              ,6025.000            ,1.400               ,750.200             
80, 08-02-2022 16:44:34, 100.000             ,888.027             ,44.531              ,6065.000            ,1.300               ,751.115             
80, 08-02-2022 16:44:35, 88.000              ,906.074             ,55.742              ,6092.000            ,1.900               ,516.412             
80, 08-02-2022 16:44:36, 100.000             ,906.605             ,52.015              ,6108.000            ,2.900               ,426.459             
80, 08-02-2022 16:44:37, 99.000              ,906.355             ,56.641              ,6110.000            ,4.800               ,333.344             
80, 08-02-2022 16:44:38, 99.000              ,906.355             ,57.422              ,6110.000            ,5.400               ,194.965             
80, 08-02-2022 16:44:39, 99.000              ,906.355             ,46.875              ,6110.000            ,5.400               ,195.320             
80, 08-02-2022 16:44:40, 99.000              ,906.355             ,49.609              ,6110.000            ,5.300               ,198.609             
80, 08-02-2022 16:44:41, 99.000              ,906.355             ,43.750              ,6112.000            ,5.400               ,210.905             
80, 08-02-2022 16:44:42, 99.000              ,906.355             ,45.313              ,6112.000            ,5.300               ,207.999             
80, 08-02-2022 16:44:43, 99.000              ,906.355             ,52.344              ,6112.000            ,5.300               ,195.532             
80, 08-02-2022 16:44:44, 99.000              ,906.355             ,39.844              ,6111.000            ,5.400               ,191.540             
80, 08-02-2022 16:44:45, 99.000              ,906.355             ,50.391              ,6110.000            ,5.500               ,192.999             
# 315 kernels random
80, 08-02-2022 16:46:00, 99.000              ,258.215             ,16.797              ,4577.000            ,19.200              ,68.193              
80, 08-02-2022 16:46:01, 99.000              ,264.004             ,20.313              ,4598.000            ,17.800              ,72.190              
80, 08-02-2022 16:46:02, 99.000              ,271.574             ,21.094              ,4641.000            ,17.700              ,77.623              
80, 08-02-2022 16:46:03, 99.000              ,281.371             ,33.984              ,4693.000            ,17.300              ,77.183              
80, 08-02-2022 16:46:04, 75.000              ,288.234             ,33.984              ,4748.000            ,14.600              ,79.890              
80, 08-02-2022 16:46:05, 69.000              ,293.840             ,38.281              ,4812.000            ,11.900              ,92.302              
80, 08-02-2022 16:46:06, 60.000              ,302.746             ,32.031              ,4878.000            ,10.100              ,107.562             
80, 08-02-2022 16:46:07, 62.000              ,310.500             ,31.250              ,4944.000            ,9.400               ,125.136             
80, 08-02-2022 16:46:08, 64.000              ,318.070             ,32.813              ,5001.000            ,8.700               ,128.013             
80, 08-02-2022 16:46:09, 42.000              ,322.340             ,33.984              ,5064.000            ,8.000               ,138.822             
80, 08-02-2022 16:46:10, 54.000              ,325.902             ,31.641              ,5118.000            ,7.700               ,149.009             
80, 08-02-2022 16:46:11, 41.000              ,325.879             ,33.984              ,5159.000            ,7.600               ,148.302             
80, 08-02-2022 16:46:12, 47.000              ,325.879             ,29.688              ,5210.000            ,8.700               ,129.328             
80, 08-02-2022 16:46:13, 38.000              ,325.879             ,31.250              ,5246.000            ,8.100               ,140.464             
80, 08-02-2022 16:46:14, 54.000              ,325.879             ,33.594              ,5294.000            ,7.400               ,140.902             
80, 08-02-2022 16:46:15, 48.000              ,325.879             ,31.250              ,5329.000            ,7.100               ,161.305             
80, 08-02-2022 16:46:16, 55.000              ,325.879             ,28.516              ,5370.000            ,8.000               ,144.720             
80, 08-02-2022 16:46:17, 72.000              ,325.879             ,31.250              ,5414.000            ,9.300               ,140.113             
80, 08-02-2022 16:46:18, 81.000              ,325.879             ,32.813              ,5443.000            ,11.900              ,109.562             
80, 08-02-2022 16:46:19, 92.000              ,327.895             ,30.469              ,5469.000            ,15.300              ,89.898              
80, 08-02-2022 16:46:20, 81.000              ,359.039             ,42.578              ,5508.000            ,12.500              ,117.671             
80, 08-02-2022 16:46:21, 40.000              ,380.980             ,56.641              ,5552.000            ,8.600               ,173.756             
80, 08-02-2022 16:46:22, 88.000              ,419.941             ,47.266              ,5595.000            ,9.800               ,142.394             
80, 08-02-2022 16:46:23, 82.000              ,451.215             ,50.000              ,5636.000            ,8.600               ,189.161             
80, 08-02-2022 16:46:24, 78.000              ,483.449             ,48.828              ,5678.000            ,8.400               ,149.850             
80, 08-02-2022 16:46:25, 76.000              ,518.387             ,53.906              ,5710.000            ,8.300               ,155.954             
80, 08-02-2022 16:46:26, 75.000              ,549.746             ,53.125              ,5737.000            ,7.600               ,169.515             
80, 08-02-2022 16:46:27, 94.000              ,578.805             ,55.469              ,5757.000            ,7.900               ,172.515             
80, 08-02-2022 16:46:28, 93.000              ,605.184             ,57.813              ,5784.000            ,7.700               ,171.962             
80, 08-02-2022 16:46:29, 100.000             ,635.246             ,55.469              ,5810.000            ,7.300               ,210.845             
80, 08-02-2022 16:46:30, 99.000              ,674.625             ,56.641              ,5846.000            ,6.700               ,241.125             
80, 08-02-2022 16:46:31, 58.000              ,710.715             ,64.063              ,5852.000            ,4.600               ,255.927             
80, 08-02-2022 16:46:32, 76.000              ,750.301             ,60.938              ,5886.000            ,5.300               ,285.517             
80, 08-02-2022 16:46:33, 48.000              ,781.496             ,60.938              ,5920.000            ,4.300               ,323.965             
80, 08-02-2022 16:46:34, 82.000              ,811.434             ,66.016              ,5950.000            ,4.600               ,301.891             
80, 08-02-2022 16:46:35, 76.000              ,842.723             ,64.063              ,5972.000            ,4.900               ,331.957             
80, 08-02-2022 16:46:36, 99.000              ,871.520             ,60.156              ,6005.000            ,5.300               ,344.408             
80, 08-02-2022 16:46:37, 99.000              ,889.418             ,64.844              ,6022.000            ,5.400               ,284.976             
80, 08-02-2022 16:46:38, 99.000              ,903.793             ,66.406              ,6038.000            ,5.400               ,208.741             
80, 08-02-2022 16:46:39, 99.000              ,905.613             ,55.469              ,6039.000            ,5.400               ,222.397             
80, 08-02-2022 16:46:40, 99.000              ,905.613             ,53.048              ,6039.000            ,5.500               ,193.645             
80, 08-02-2022 16:46:41, 99.000              ,905.613             ,49.635              ,6039.000            ,5.300               ,210.383             
80, 08-02-2022 16:46:42, 99.000              ,905.613             ,44.922              ,6039.000            ,5.500               ,185.105             
80, 08-02-2022 16:46:43, 99.000              ,905.613             ,42.969              ,6039.000            ,5.400               ,196.125             
80, 08-02-2022 16:46:44, 99.000              ,905.613             ,41.797              ,6039.000            ,5.400               ,195.088             
80, 08-02-2022 16:46:45, 100.000             ,905.613             ,49.609              ,6039.000            ,5.300               ,198.670             
80, 08-02-2022 16:46:46, 99.000              ,905.613             ,47.266              ,6038.000            ,5.500               ,190.973             
80, 08-02-2022 16:46:47, 99.000              ,905.613             ,46.484              ,6038.000            ,5.400               ,195.581             
80, 08-02-2022 16:46:48, 99.000              ,905.613             ,46.094              ,6039.000            ,5.500               ,200.254             
80, 08-02-2022 16:46:49, 99.000              ,905.613             ,50.391              ,6038.000            ,5.500               ,192.512             
# 513 kernels normal
80, 08-02-2022 16:48:15, 12.000              ,355.031             ,49.637              ,4676.000            ,14.900              ,65.937              
80, 08-02-2022 16:48:16, 100.000             ,369.988             ,33.203              ,4727.000            ,4.200               ,918.789             
80, 08-02-2022 16:48:17, 49.000              ,369.965             ,31.641              ,4790.000            ,4.500               ,289.170             
80, 08-02-2022 16:48:18, 49.000              ,369.965             ,30.859              ,4857.000            ,4.900               ,220.308             
80, 08-02-2022 16:48:19, 49.000              ,369.965             ,34.766              ,4902.000            ,5.100               ,199.072             
80, 08-02-2022 16:48:20, 27.000              ,369.965             ,30.859              ,5011.000            ,4.400               ,279.058             
80, 08-02-2022 16:48:21, 49.000              ,369.965             ,25.391              ,5075.000            ,4.800               ,263.568             
80, 08-02-2022 16:48:22, 87.000              ,369.965             ,44.922              ,5149.000            ,4.300               ,275.052             
80, 08-02-2022 16:48:23, 92.000              ,369.965             ,28.906              ,5191.000            ,5.800               ,220.762             
80, 08-02-2022 16:48:24, 54.000              ,369.965             ,33.984              ,5263.000            ,4.700               ,279.582             
80, 08-02-2022 16:48:25, 49.000              ,369.965             ,33.203              ,5316.000            ,4.900               ,208.650             
80, 08-02-2022 16:48:26, 59.000              ,369.965             ,26.563              ,5349.000            ,8.200               ,200.324             
80, 08-02-2022 16:48:27, 0.000               ,369.965             ,28.516              ,5350.000            ,1.500               ,1250.155            
80, 08-02-2022 16:48:28, 27.000              ,369.965             ,26.563              ,5468.000            ,1.300               ,919.974             
80, 08-02-2022 16:48:29, 0.000               ,369.965             ,29.297              ,5496.000            ,0.000               ,0.000               
80, 08-02-2022 16:48:30, 0.000               ,369.965             ,26.563              ,5502.000            ,1.600               ,1205.912            
80, 08-02-2022 16:48:31, 70.000              ,369.965             ,23.047              ,5501.000            ,1.300               ,1444.233            
80, 08-02-2022 16:48:32, 23.000              ,369.965             ,31.641              ,5554.000            ,0.900               ,1011.879            
80, 08-02-2022 16:48:33, 100.000             ,369.965             ,23.438              ,5586.000            ,1.700               ,1154.389            
80, 08-02-2022 16:48:34, 0.000               ,369.965             ,30.078              ,5586.000            ,1.700               ,0.000               
80, 08-02-2022 16:48:35, 0.000               ,369.965             ,25.391              ,5657.000            ,1.400               ,1410.858            
80, 08-02-2022 16:48:36, 0.000               ,369.965             ,30.469              ,5688.000            ,1.300               ,869.874             
80, 08-02-2022 16:48:37, 0.000               ,369.965             ,21.875              ,5689.000            ,1.700               ,1110.190            
80, 08-02-2022 16:48:38, 67.000              ,369.965             ,22.656              ,5716.000            ,1.400               ,1395.280            
80, 08-02-2022 16:48:39, 23.000              ,369.965             ,30.469              ,5808.000            ,0.900               ,1042.419            
80, 08-02-2022 16:48:40, 76.000              ,369.965             ,27.344              ,5849.000            ,1.500               ,1272.274            
80, 08-02-2022 16:48:41, 100.000             ,369.965             ,10.938              ,5849.000            ,10.900              ,216.311             
80, 08-02-2022 16:48:42, 100.000             ,369.965             ,16.797              ,5849.000            ,12.300              ,102.633             
80, 08-02-2022 16:48:43, 0.000               ,369.965             ,26.563              ,5866.000            ,3.800               ,345.542             
80, 08-02-2022 16:48:44, 42.000              ,369.965             ,33.984              ,5882.000            ,2.300               ,464.952             
80, 08-02-2022 16:48:45, 99.000              ,369.965             ,14.063              ,5903.000            ,10.700              ,187.093             
80, 08-02-2022 16:48:46, 99.000              ,369.965             ,20.703              ,5903.000            ,12.500              ,94.874              
80, 08-02-2022 16:48:47, 49.000              ,369.965             ,27.734              ,5916.000            ,9.300               ,216.642             
80, 08-02-2022 16:48:48, 99.000              ,369.965             ,23.828              ,5949.000            ,6.700               ,373.230             
80, 08-02-2022 16:48:49, 99.000              ,369.965             ,18.750              ,5957.000            ,12.200              ,91.988              
80, 08-02-2022 16:48:50, 75.000              ,369.965             ,32.422              ,5963.000            ,10.700              ,136.764             
80, 08-02-2022 16:48:51, 95.000              ,369.965             ,27.734              ,6008.000            ,9.900               ,164.796             
80, 08-02-2022 16:48:52, 100.000             ,369.965             ,17.188              ,6018.000            ,12.500              ,84.786              
80, 08-02-2022 16:48:53, 87.000              ,369.965             ,28.906              ,6036.000            ,10.200              ,125.257             
80, 08-02-2022 16:48:54, 82.000              ,396.789             ,39.453              ,6102.000            ,5.600               ,334.594             
80, 08-02-2022 16:48:55, 91.000              ,460.172             ,39.844              ,6164.000            ,2.900               ,357.265             
80, 08-02-2022 16:48:56, 15.000              ,556.176             ,56.250              ,6240.000            ,2.600               ,491.480             
80, 08-02-2022 16:48:57, 69.000              ,647.613             ,63.281              ,6317.000            ,1.800               ,562.267             
80, 08-02-2022 16:48:58, 35.000              ,728.902             ,52.734              ,6395.000            ,1.400               ,775.338             
80, 08-02-2022 16:48:59, 77.000              ,809.793             ,50.000              ,6473.000            ,1.100               ,895.834             
80, 08-02-2022 16:49:00, 75.000              ,894.777             ,53.516              ,6546.000            ,0.900               ,1005.973            
80, 08-02-2022 16:49:01, 73.000              ,975.684             ,61.719              ,6668.000            ,0.900               ,1002.265            
80, 08-02-2022 16:49:02, 8.000               ,1056.840            ,67.578              ,6725.000            ,0.800               ,1136.380            
80, 08-02-2022 16:49:03, 5.000               ,1130.004            ,54.297              ,6779.000            ,0.900               ,1017.003            
80, 08-02-2022 16:49:04, 79.000              ,1185.090            ,42.188              ,6832.000            ,0.900               ,0.000               
80, 08-02-2022 16:49:05, 0.000               ,1200.387            ,44.531              ,6826.000            ,0.700               ,1336.590            
80, 08-02-2022 16:49:06, 38.000              ,1247.730            ,58.984              ,6853.000            ,0.700               ,1341.026            
80, 08-02-2022 16:49:07, 99.000              ,1285.473            ,55.859              ,6882.000            ,0.800               ,1126.041            
80, 08-02-2022 16:49:08, 100.000             ,1303.840            ,47.656              ,6921.000            ,0.900               ,1086.667            
80, 08-02-2022 16:49:09, 99.000              ,1312.949            ,60.547              ,6941.000            ,1.000               ,853.116             
80, 08-02-2022 16:49:10, 66.000              ,1315.223            ,56.641              ,6957.000            ,1.600               ,708.122             
80, 08-02-2022 16:49:11, 99.000              ,1315.223            ,66.797              ,6965.000            ,2.800               ,459.167             
80, 08-02-2022 16:49:12, 68.000              ,1314.973            ,73.828              ,6967.000            ,2.700               ,540.841             
80, 08-02-2022 16:49:13, 99.000              ,1314.973            ,76.953              ,6967.000            ,3.300               ,500.425             
80, 08-02-2022 16:49:14, 99.000              ,1314.973            ,84.375              ,6967.000            ,3.000               ,310.811             
80, 08-02-2022 16:49:15, 99.000              ,1314.973            ,73.828              ,6967.000            ,3.500               ,296.091             
80, 08-02-2022 16:49:16, 99.000              ,1314.973            ,69.141              ,6963.000            ,3.400               ,294.893             
80, 08-02-2022 16:49:17, 99.000              ,1314.973            ,67.969              ,6963.000            ,3.500               ,285.260             
80, 08-02-2022 16:49:18, 99.000              ,1314.973            ,73.828              ,6963.000            ,3.500               ,306.548             
# 513 kernels random
80, 08-02-2022 16:51:00, 99.000              ,261.777             ,19.922              ,4456.000            ,14.200              ,77.628              
80, 08-02-2022 16:51:01, 99.000              ,270.684             ,27.734              ,4484.000            ,13.500              ,83.661              
80, 08-02-2022 16:51:02, 99.000              ,283.336             ,31.641              ,4539.000            ,13.300              ,85.920              
80, 08-02-2022 16:51:03, 94.000              ,295.176             ,35.938              ,4608.000            ,13.000              ,94.247              
80, 08-02-2022 16:51:04, 87.000              ,306.309             ,39.063              ,4685.000            ,11.400              ,111.114             
80, 08-02-2022 16:51:05, 66.000              ,317.441             ,36.328              ,4759.000            ,8.700               ,127.721             
80, 08-02-2022 16:51:06, 48.000              ,329.910             ,36.719              ,4834.000            ,6.600               ,167.729             
80, 08-02-2022 16:51:07, 48.000              ,340.598             ,37.654              ,4897.000            ,5.500               ,198.043             
80, 08-02-2022 16:51:08, 49.000              ,349.949             ,34.169              ,4968.000            ,5.000               ,212.026             
80, 08-02-2022 16:51:09, 27.000              ,361.973             ,38.672              ,5039.000            ,4.400               ,246.158             
80, 08-02-2022 16:51:10, 33.000              ,369.988             ,37.891              ,5108.000            ,4.100               ,263.878             
80, 08-02-2022 16:51:11, 28.000              ,369.988             ,28.516              ,5163.000            ,3.900               ,289.841             
80, 08-02-2022 16:51:12, 78.000              ,369.965             ,31.250              ,5213.000            ,4.000               ,277.968             
80, 08-02-2022 16:51:13, 79.000              ,369.965             ,29.688              ,5260.000            ,4.300               ,252.697             
80, 08-02-2022 16:51:14, 75.000              ,369.965             ,30.859              ,5308.000            ,4.100               ,263.460             
80, 08-02-2022 16:51:15, 74.000              ,369.965             ,29.297              ,5359.000            ,4.000               ,265.357             
80, 08-02-2022 16:51:16, 75.000              ,369.965             ,32.422              ,5406.000            ,3.900               ,281.321             
80, 08-02-2022 16:51:17, 19.000              ,369.965             ,33.984              ,5459.000            ,4.400               ,243.554             
80, 08-02-2022 16:51:18, 80.000              ,369.965             ,32.813              ,5497.000            ,4.400               ,235.120             
80, 08-02-2022 16:51:19, 100.000             ,369.965             ,29.688              ,5530.000            ,4.200               ,271.087             
80, 08-02-2022 16:51:20, 100.000             ,369.965             ,34.375              ,5578.000            ,4.000               ,275.172             
80, 08-02-2022 16:51:21, 76.000              ,369.965             ,31.641              ,5608.000            ,3.700               ,284.128             
80, 08-02-2022 16:51:22, 14.000              ,369.965             ,30.078              ,5644.000            ,3.600               ,339.973             
80, 08-02-2022 16:51:23, 100.000             ,369.965             ,30.859              ,5686.000            ,3.400               ,305.752             
80, 08-02-2022 16:51:24, 67.000              ,369.965             ,33.594              ,5727.000            ,3.500               ,300.274             
80, 08-02-2022 16:51:25, 6.000               ,369.965             ,30.078              ,5774.000            ,3.600               ,294.306             
80, 08-02-2022 16:51:26, 75.000              ,369.965             ,35.938              ,5817.000            ,4.100               ,249.458             
80, 08-02-2022 16:51:27, 28.000              ,369.965             ,30.469              ,5838.000            ,4.800               ,237.623             
80, 08-02-2022 16:51:28, 96.000              ,369.965             ,33.203              ,5890.000            ,8.600               ,178.009             
80, 08-02-2022 16:51:29, 94.000              ,369.965             ,30.078              ,5893.000            ,11.500              ,102.078             
80, 08-02-2022 16:51:30, 100.000             ,369.965             ,38.281              ,5902.000            ,10.800              ,119.177             
80, 08-02-2022 16:51:31, 99.000              ,370.824             ,33.984              ,5932.000            ,10.900              ,114.278             
80, 08-02-2022 16:51:32, 80.000              ,385.223             ,36.719              ,5972.000            ,10.000              ,129.119             
80, 08-02-2022 16:51:33, 65.000              ,415.496             ,45.703              ,6007.000            ,8.200               ,149.618             
80, 08-02-2022 16:51:34, 64.000              ,442.250             ,59.766              ,6023.000            ,5.600               ,228.522             
80, 08-02-2022 16:51:35, 69.000              ,476.098             ,51.563              ,6072.000            ,5.500               ,240.215             
80, 08-02-2022 16:51:36, 71.000              ,519.992             ,53.516              ,6123.000            ,5.200               ,220.201             
80, 08-02-2022 16:51:37, 66.000              ,557.363             ,55.078              ,6157.000            ,4.700               ,223.237             
80, 08-02-2022 16:51:38, 68.000              ,585.676             ,60.547              ,6198.000            ,3.700               ,283.047             
80, 08-02-2022 16:51:39, 92.000              ,621.246             ,59.375              ,6225.000            ,4.800               ,260.461             
80, 08-02-2022 16:51:40, 22.000              ,651.090             ,55.078              ,6276.000            ,4.500               ,290.328             
80, 08-02-2022 16:51:41, 80.000              ,682.059             ,65.234              ,6296.000            ,3.700               ,306.839             
80, 08-02-2022 16:51:42, 74.000              ,703.527             ,60.156              ,6327.000            ,4.600               ,271.085             
80, 08-02-2022 16:51:43, 100.000             ,736.379             ,62.284              ,6349.000            ,4.600               ,337.541             
80, 08-02-2022 16:51:44, 85.000              ,763.863             ,75.000              ,6391.000            ,2.600               ,445.914             
80, 08-02-2022 16:51:45, 90.000              ,800.020             ,57.567              ,6430.000            ,3.900               ,360.186             
80, 08-02-2022 16:51:46, 55.000              ,829.699             ,67.188              ,6462.000            ,2.700               ,432.439             
80, 08-02-2022 16:51:47, 26.000              ,867.770             ,69.531              ,6483.000            ,2.600               ,411.618             
80, 08-02-2022 16:51:48, 85.000              ,897.844             ,62.891              ,6517.000            ,2.500               ,397.519             
80, 08-02-2022 16:51:49, 38.000              ,937.824             ,68.750              ,6548.000            ,2.600               ,432.370             
80, 08-02-2022 16:51:50, 6.000               ,973.699             ,65.625              ,6583.000            ,1.900               ,557.334             
80, 08-02-2022 16:51:51, 79.000              ,1008.156            ,66.016              ,6622.000            ,2.200               ,467.096             
80, 08-02-2022 16:51:52, 75.000              ,1044.727            ,72.656              ,6654.000            ,2.100               ,486.686             
80, 08-02-2022 16:51:53, 84.000              ,1079.277            ,66.903              ,6687.000            ,2.000               ,538.224             
80, 08-02-2022 16:51:54, 78.000              ,1113.199            ,69.464              ,6718.000            ,1.900               ,624.240             
80, 08-02-2022 16:51:55, 57.000              ,1148.996            ,73.828              ,6716.000            ,1.700               ,574.375             
80, 08-02-2022 16:51:56, 28.000              ,1181.379            ,68.750              ,6447.000            ,1.700               ,582.432             
80, 08-02-2022 16:51:57, 87.000              ,1211.488            ,73.047              ,6481.000            ,1.900               ,496.862             
80, 08-02-2022 16:51:58, 50.000              ,1240.691            ,74.609              ,6505.000            ,2.000               ,504.589             
80, 08-02-2022 16:51:59, 100.000             ,1281.754            ,64.453              ,6550.000            ,2.700               ,581.566             
80, 08-02-2022 16:52:00, 80.000              ,1300.684            ,76.172              ,6570.000            ,2.900               ,508.712             
80, 08-02-2022 16:52:01, 88.000              ,1311.871            ,74.600              ,6584.000            ,1.900               ,579.629             
80, 08-02-2022 16:52:02, 100.000             ,1314.551            ,60.739              ,6606.000            ,2.600               ,408.917             
80, 08-02-2022 16:52:03, 73.000              ,1314.551            ,76.172              ,6606.000            ,2.800               ,543.819             
80, 08-02-2022 16:52:04, 79.000              ,1314.301            ,88.281              ,6606.000            ,2.900               ,361.567             
80, 08-02-2022 16:52:05, 79.000              ,1314.301            ,90.234              ,6606.000            ,3.000               ,345.008             
80, 08-02-2022 16:52:06, 99.000              ,1314.301            ,66.016              ,6610.000            ,3.300               ,542.866             
80, 08-02-2022 16:52:07, 97.000              ,1314.301            ,82.031              ,6610.000            ,3.400               ,296.424             
80, 08-02-2022 16:52:08, 99.000              ,1314.301            ,88.672              ,6610.000            ,3.700               ,295.364             
80, 08-02-2022 16:52:09, 99.000              ,1314.301            ,78.125              ,6610.000            ,3.500               ,300.660             
80, 08-02-2022 16:52:10, 99.000              ,1314.301            ,81.527              ,6609.000            ,3.300               ,320.906             
80, 08-02-2022 16:52:11, 99.000              ,1314.301            ,82.551              ,6607.000            ,3.500               ,289.467             
80, 08-02-2022 16:52:12, 99.000              ,1314.301            ,78.125              ,6607.000            ,3.400               ,319.365             
80, 08-02-2022 16:52:13, 99.000              ,1314.301            ,82.813              ,6607.000            ,3.500               ,312.653             
80, 08-02-2022 16:52:14, 99.000              ,1314.301            ,78.125              ,6593.000            ,3.500               ,312.684             
80, 08-02-2022 16:52:15, 99.000              ,1314.301            ,70.313              ,6593.000            ,3.600               ,298.947             
80, 08-02-2022 16:52:16, 99.000              ,1314.301            ,85.547              ,6589.000            ,3.500               ,325.757             
80, 08-02-2022 16:52:17, 99.000              ,1314.301            ,88.281              ,6589.000            ,3.400               ,318.933             
80, 08-02-2022 16:52:18, 99.000              ,1314.301            ,80.469              ,6589.000            ,3.600               ,306.989             
80, 08-02-2022 16:52:19, 99.000              ,1314.301            ,76.953              ,6589.000            ,3.500               ,322.528             
# 999 kernels normal
80, 08-02-2022 16:54:30, 15.000              ,402.496             ,45.703              ,4590.000            ,9.900               ,0.000               
80, 08-02-2022 16:54:31, 100.000             ,478.199             ,33.594              ,4760.000            ,2.600               ,1451.619            
80, 08-02-2022 16:54:32, 74.000              ,478.199             ,31.250              ,4848.000            ,2.900               ,494.185             
80, 08-02-2022 16:54:33, 73.000              ,478.176             ,32.422              ,4915.000            ,2.600               ,388.110             
80, 08-02-2022 16:54:34, 100.000             ,478.176             ,33.203              ,4978.000            ,2.400               ,425.161             
80, 08-02-2022 16:54:35, 49.000              ,478.176             ,38.672              ,5063.000            ,2.400               ,431.361             
80, 08-02-2022 16:54:36, 64.000              ,478.176             ,32.813              ,5133.000            ,2.400               ,400.941             
80, 08-02-2022 16:54:37, 78.000              ,478.176             ,32.813              ,5189.000            ,2.600               ,385.475             
80, 08-02-2022 16:54:38, 59.000              ,478.176             ,33.203              ,5170.000            ,2.700               ,370.299             
80, 08-02-2022 16:54:39, 47.000              ,478.176             ,33.594              ,5301.000            ,2.400               ,452.821             
80, 08-02-2022 16:54:40, 91.000              ,478.176             ,29.297              ,5404.000            ,2.900               ,510.208             
80, 08-02-2022 16:54:41, 100.000             ,478.176             ,32.422              ,5464.000            ,2.900               ,515.023             
80, 08-02-2022 16:54:42, 62.000              ,478.176             ,35.156              ,5514.000            ,2.400               ,415.554             
80, 08-02-2022 16:54:43, 18.000              ,478.176             ,30.078              ,5590.000            ,2.500               ,389.604             
80, 08-02-2022 16:54:44, 47.000              ,478.176             ,34.375              ,5658.000            ,2.500               ,407.451             
80, 08-02-2022 16:54:45, 100.000             ,478.176             ,21.484              ,5667.000            ,3.600               ,390.332             
80, 08-02-2022 16:54:46, 0.000               ,478.176             ,32.813              ,5739.000            ,1.800               ,698.325             
80, 08-02-2022 16:54:47, 85.000              ,478.176             ,28.906              ,5813.000            ,2.500               ,404.337             
80, 08-02-2022 16:54:48, 0.000               ,478.176             ,32.422              ,5903.000            ,2.400               ,410.060             
80, 08-02-2022 16:54:49, 100.000             ,478.176             ,33.594              ,5946.000            ,2.500               ,419.044             
80, 08-02-2022 16:54:50, 71.000              ,478.176             ,36.719              ,5950.000            ,3.500               ,401.046             
80, 08-02-2022 16:54:51, 0.000               ,478.176             ,26.563              ,5983.000            ,5.500               ,221.965             
80, 08-02-2022 16:54:52, 0.000               ,478.176             ,27.734              ,5985.000            ,0.000               ,0.000               
80, 08-02-2022 16:54:53, 0.000               ,478.176             ,27.734              ,5985.000            ,0.800               ,2462.749            
80, 08-02-2022 16:54:54, 0.000               ,478.176             ,25.781              ,6090.000            ,0.800               ,0.000               
80, 08-02-2022 16:54:55, 32.000              ,478.176             ,31.250              ,6187.000            ,0.500               ,1847.912            
80, 08-02-2022 16:54:56, 0.000               ,478.176             ,31.641              ,6249.000            ,0.500               ,0.000               
80, 08-02-2022 16:54:57, 0.000               ,478.176             ,27.344              ,6291.000            ,0.000               ,0.000               
80, 08-02-2022 16:54:58, 0.000               ,478.176             ,23.047              ,6312.000            ,0.800               ,2387.469            
80, 08-02-2022 16:54:59, 0.000               ,478.176             ,27.734              ,6312.000            ,0.800               ,0.000               
80, 08-02-2022 16:55:00, 0.000               ,478.176             ,27.734              ,6294.000            ,0.700               ,2678.592            
80, 08-02-2022 16:55:01, 0.000               ,478.176             ,25.391              ,6334.000            ,0.700               ,0.000               
80, 08-02-2022 16:55:02, 59.000              ,478.176             ,29.688              ,6401.000            ,0.600               ,1652.243            
80, 08-02-2022 16:55:03, 0.000               ,478.176             ,28.906              ,6418.000            ,0.600               ,0.000               
80, 08-02-2022 16:55:04, 71.000              ,478.176             ,25.391              ,6431.000            ,0.800               ,2228.046            
80, 08-02-2022 16:55:05, 0.000               ,478.176             ,34.766              ,6414.000            ,0.800               ,0.000               
80, 08-02-2022 16:55:06, 0.000               ,478.176             ,27.734              ,6414.000            ,0.000               ,0.000               
80, 08-02-2022 16:55:07, 0.000               ,478.176             ,23.828              ,6469.000            ,0.700               ,2488.480            
80, 08-02-2022 16:55:08, 71.000              ,478.176             ,29.688              ,6548.000            ,0.600               ,1505.136            
80, 08-02-2022 16:55:09, 0.000               ,478.176             ,30.078              ,6595.000            ,0.600               ,0.000               
80, 08-02-2022 16:55:10, 14.000              ,478.176             ,27.734              ,6626.000            ,0.900               ,2102.779            
80, 08-02-2022 16:55:11, 0.000               ,478.176             ,22.656              ,6626.000            ,0.900               ,0.000               
80, 08-02-2022 16:55:12, 0.000               ,478.176             ,28.516              ,6626.000            ,0.000               ,0.000               
80, 08-02-2022 16:55:13, 45.000              ,478.176             ,24.609              ,6658.000            ,0.700               ,2571.809            
80, 08-02-2022 16:55:14, 0.000               ,478.176             ,40.234              ,6805.000            ,0.700               ,0.000               
80, 08-02-2022 16:55:15, 0.000               ,478.176             ,31.641              ,6844.000            ,0.500               ,1824.986            
80, 08-02-2022 16:55:16, 0.000               ,478.176             ,27.734              ,6896.000            ,0.500               ,0.000               
80, 08-02-2022 16:55:17, 100.000             ,478.176             ,25.391              ,6967.000            ,0.800               ,2456.442            
80, 08-02-2022 16:55:18, 100.000             ,478.176             ,16.016              ,6967.000            ,6.300               ,320.390             
80, 08-02-2022 16:55:19, 100.000             ,478.176             ,19.922              ,6970.000            ,7.500               ,157.044             
80, 08-02-2022 16:55:20, 99.000              ,478.176             ,17.969              ,6972.000            ,7.800               ,131.993             
80, 08-02-2022 16:55:21, 9.000               ,478.176             ,31.250              ,6999.000            ,3.600               ,501.669             
80, 08-02-2022 16:55:22, 0.000               ,478.176             ,30.469              ,7000.000            ,1.900               ,537.705             
80, 08-02-2022 16:55:23, 0.000               ,478.176             ,30.469              ,7000.000            ,1.600               ,688.195             
80, 08-02-2022 16:55:24, 96.000              ,478.176             ,30.469              ,7000.000            ,1.200               ,869.649             
80, 08-02-2022 16:55:25, 100.000             ,478.176             ,17.969              ,7036.000            ,7.300               ,238.454             
80, 08-02-2022 16:55:26, 100.000             ,478.176             ,18.359              ,7038.000            ,7.400               ,141.358             
80, 08-02-2022 16:55:27, 100.000             ,478.176             ,20.313              ,7038.000            ,7.700               ,133.227             
80, 08-02-2022 16:55:28, 79.000              ,478.176             ,34.375              ,7038.000            ,5.500               ,217.844             
80, 08-02-2022 16:55:29, 78.000              ,478.176             ,32.031              ,7064.000            ,1.900               ,630.999             
80, 08-02-2022 16:55:30, 87.000              ,478.176             ,29.297              ,7083.000            ,3.400               ,663.740             
80, 08-02-2022 16:55:31, 100.000             ,478.176             ,19.922              ,7152.000            ,7.700               ,164.106             
80, 08-02-2022 16:55:32, 100.000             ,478.176             ,22.266              ,7145.000            ,7.300               ,149.777             
80, 08-02-2022 16:55:33, 100.000             ,478.176             ,40.348              ,6875.000            ,6.800               ,196.582             
80, 08-02-2022 16:55:34, 79.000              ,478.176             ,33.376              ,6759.000            ,5.600               ,247.648             
80, 08-02-2022 16:55:35, 82.000              ,478.176             ,34.375              ,6802.000            ,4.300               ,300.581             
80, 08-02-2022 16:55:36, 99.000              ,478.176             ,28.802              ,6863.000            ,7.300               ,194.456             
80, 08-02-2022 16:55:37, 100.000             ,478.176             ,18.306              ,6865.000            ,7.600               ,135.074             
80, 08-02-2022 16:55:38, 65.000              ,478.176             ,24.219              ,6865.000            ,6.500               ,207.206             
80, 08-02-2022 16:55:39, 51.000              ,478.176             ,35.156              ,6902.000            ,5.100               ,234.396             
80, 08-02-2022 16:55:40, 7.000               ,487.004             ,35.156              ,6943.000            ,3.400               ,370.171             
80, 08-02-2022 16:55:41, 0.000               ,540.672             ,44.922              ,7024.000            ,2.200               ,554.398             
80, 08-02-2022 16:55:42, 60.000              ,604.695             ,42.188              ,7066.000            ,1.500               ,773.940             
80, 08-02-2022 16:55:43, 48.000              ,668.805             ,43.750              ,7144.000            ,1.400               ,585.783             
80, 08-02-2022 16:55:44, 19.000              ,781.855             ,57.422              ,7201.000            ,1.500               ,674.851             
80, 08-02-2022 16:55:45, 80.000              ,858.887             ,44.141              ,7256.000            ,1.300               ,808.057             
80, 08-02-2022 16:55:46, 0.000               ,879.480             ,38.672              ,7326.000            ,0.900               ,1110.155            
80, 08-02-2022 16:55:47, 92.000              ,964.801             ,58.594              ,7403.000            ,0.600               ,1436.834            
80, 08-02-2022 16:55:48, 45.000              ,1072.277            ,56.641              ,7457.000            ,0.800               ,1177.866            
80, 08-02-2022 16:55:49, 31.000              ,1187.035            ,48.438              ,7535.000            ,0.800               ,0.000               
80, 08-02-2022 16:55:50, 0.000               ,1197.645            ,52.734              ,7596.000            ,0.700               ,1380.533            
80, 08-02-2022 16:55:51, 19.000              ,1352.777            ,56.250              ,7593.000            ,0.700               ,0.000               
80, 08-02-2022 16:55:52, 0.000               ,1356.941            ,45.703              ,7650.000            ,0.500               ,1919.289            
80, 08-02-2022 16:55:53, 23.000              ,1491.961            ,61.719              ,7684.000            ,0.500               ,0.000               
80, 08-02-2022 16:55:54, 28.000              ,1516.543            ,67.969              ,7676.000            ,0.400               ,2386.180            
80, 08-02-2022 16:55:55, 100.000             ,1576.988            ,48.828              ,7708.000            ,0.400               ,0.000               
80, 08-02-2022 16:55:56, 16.000              ,1664.949            ,72.266              ,7719.000            ,0.500               ,1991.925            
80, 08-02-2022 16:55:57, 0.000               ,1664.949            ,69.922              ,7651.000            ,0.500               ,0.000               
80, 08-02-2022 16:55:58, 8.000               ,1753.641            ,91.406              ,7568.000            ,0.000               ,0.000               
80, 08-02-2022 16:55:59, 99.000              ,1814.668            ,98.047              ,7538.000            ,0.300               ,2902.300            
80, 08-02-2022 16:56:00, 0.000               ,1814.668            ,37.891              ,7595.000            ,0.300               ,0.000               
80, 08-02-2022 16:56:01, 11.000              ,1950.785            ,79.218              ,7624.000            ,0.300               ,2630.974            
80, 08-02-2022 16:56:02, 0.000               ,1950.785            ,48.842              ,7674.000            ,0.300               ,0.000               
80, 08-02-2022 16:56:03, 100.000             ,1972.746            ,42.578              ,7665.000            ,0.300               ,0.000               
80, 08-02-2022 16:56:04, 99.000              ,2039.609            ,91.406              ,7714.000            ,0.300               ,2733.085            
80, 08-02-2022 16:56:05, 0.000               ,2039.609            ,38.672              ,7720.000            ,0.300               ,0.000               
80, 08-02-2022 16:56:06, 0.000               ,2039.609            ,61.719              ,7648.000            ,0.000               ,0.000               
80, 08-02-2022 16:56:07, 31.000              ,2032.832            ,89.224              ,7701.000            ,0.300               ,3151.755            
80, 08-02-2022 16:56:08, 0.000               ,2032.270            ,69.860              ,7717.000            ,0.300               ,0.000               
80, 08-02-2022 16:56:09, 0.000               ,2032.270            ,39.063              ,7713.000            ,0.000               ,0.000               
80, 08-02-2022 16:56:10, 69.000              ,2031.164            ,55.632              ,7778.000            ,0.000               ,0.000               
80, 08-02-2022 16:56:11, 57.000              ,2023.086            ,93.234              ,7846.000            ,0.300               ,3256.335            
80, 08-02-2022 16:56:12, 0.000               ,2024.199            ,72.636              ,7733.000            ,0.300               ,0.000               
80, 08-02-2022 16:56:13, 0.000               ,2024.199            ,46.094              ,7477.000            ,0.000               ,0.000               
80, 08-02-2022 16:56:14, 58.000              ,2024.492            ,69.922              ,7549.000            ,0.200               ,3508.402            
80, 08-02-2022 16:56:15, 84.000              ,2018.586            ,93.559              ,7606.000            ,0.200               ,0.000               
80, 08-02-2022 16:56:16, 4.000               ,2018.379            ,45.710              ,7663.000            ,0.000               ,0.000               
80, 08-02-2022 16:56:17, 54.000              ,2015.195            ,97.887              ,7608.000            ,0.300               ,2688.833            
80, 08-02-2022 16:56:18, 54.000              ,2015.223            ,97.309              ,7682.000            ,0.300               ,0.000               
80, 08-02-2022 16:56:19, 18.000              ,2015.434            ,56.757              ,7675.000            ,0.000               ,0.000               
80, 08-02-2022 16:56:20, 99.000              ,2012.621            ,90.482              ,7598.000            ,0.300               ,2827.902            
80, 08-02-2022 16:56:21, 86.000              ,2011.500            ,71.094              ,7629.000            ,0.500               ,1688.455            
80, 08-02-2022 16:56:22, 2.000               ,2010.301            ,78.404              ,7633.000            ,0.500               ,0.000               
80, 08-02-2022 16:56:23, 99.000              ,2009.578            ,88.091              ,7664.000            ,0.700               ,1276.912            
80, 08-02-2022 16:56:24, 95.000              ,2009.215            ,88.672              ,7685.000            ,0.800               ,1163.320            
80, 08-02-2022 16:56:25, 99.000              ,2009.563            ,94.141              ,7656.000            ,0.800               ,1169.693            
80, 08-02-2022 16:56:26, 99.000              ,2010.180            ,89.293              ,7656.000            ,0.900               ,969.352             
80, 08-02-2022 16:56:27, 100.000             ,2014.680            ,71.094              ,7733.000            ,1.300               ,925.351             
80, 08-02-2022 16:56:28, 59.000              ,2014.895            ,84.221              ,7734.000            ,1.300               ,0.000               
80, 08-02-2022 16:56:29, 100.000             ,2014.895            ,65.895              ,7734.000            ,1.500               ,1197.325            
80, 08-02-2022 16:56:30, 85.000              ,2014.895            ,80.469              ,7738.000            ,0.800               ,1121.976            
80, 08-02-2022 16:56:31, 60.000              ,2014.895            ,90.234              ,7753.000            ,1.000               ,699.165             
80, 08-02-2022 16:56:32, 53.000              ,2013.477            ,94.227              ,7795.000            ,1.300               ,823.530             
80, 08-02-2022 16:56:33, 99.000              ,2012.801            ,98.810              ,7821.000            ,1.100               ,846.418             
80, 08-02-2022 16:56:34, 99.000              ,2012.895            ,86.328              ,7876.000            ,1.400               ,1089.470            
80, 08-02-2022 16:56:35, 99.000              ,2012.895            ,92.665              ,7841.000            ,0.800               ,1181.133            
80, 08-02-2022 16:56:36, 28.000              ,2012.895            ,94.099              ,7586.000            ,1.000               ,771.197             
80, 08-02-2022 16:56:37, 60.000              ,2013.770            ,80.078              ,7579.000            ,1.100               ,964.367             
80, 08-02-2022 16:56:38, 99.000              ,2012.895            ,80.078              ,7601.000            ,1.600               ,773.099             
80, 08-02-2022 16:56:39, 52.000              ,2012.895            ,64.844              ,7603.000            ,1.700               ,464.399             
80, 08-02-2022 16:56:40, 92.000              ,2012.895            ,85.938              ,7605.000            ,1.100               ,1190.643            
80, 08-02-2022 16:56:41, 34.000              ,2012.895            ,68.750              ,7605.000            ,1.500               ,188.645             
80, 08-02-2022 16:56:42, 65.000              ,2012.895            ,89.063              ,7604.000            ,0.800               ,1137.254            
80, 08-02-2022 16:56:43, 99.000              ,2012.895            ,85.547              ,7604.000            ,1.300               ,735.956             
# 999 kernels random
80, 08-02-2022 16:58:40, 99.000              ,266.859             ,18.750              ,3276.000            ,9.300               ,130.748             
80, 08-02-2022 16:58:41, 99.000              ,288.051             ,25.781              ,3334.000            ,8.800               ,132.484             
80, 08-02-2022 16:58:42, 100.000             ,309.426             ,30.859              ,3408.000            ,8.600               ,127.998             
80, 08-02-2022 16:58:43, 79.000              ,329.648             ,37.500              ,3502.000            ,7.800               ,145.253             
80, 08-02-2022 16:58:44, 72.000              ,354.141             ,36.719              ,3613.000            ,6.600               ,173.117             
80, 08-02-2022 16:58:45, 56.000              ,375.777             ,37.500              ,3716.000            ,5.400               ,197.049             
80, 08-02-2022 16:58:46, 71.000              ,392.438             ,34.375              ,3820.000            ,4.800               ,217.176             
80, 08-02-2022 16:58:47, 75.000              ,412.738             ,37.500              ,3911.000            ,3.800               ,285.031             
80, 08-02-2022 16:58:48, 33.000              ,434.297             ,35.547              ,4022.000            ,3.600               ,306.140             
80, 08-02-2022 16:58:49, 73.000              ,447.473             ,31.641              ,4107.000            ,3.200               ,323.709             
80, 08-02-2022 16:58:50, 89.000              ,473.039             ,41.016              ,4219.000            ,2.800               ,370.615             
80, 08-02-2022 16:58:51, 7.000               ,478.199             ,31.641              ,4299.000            ,2.800               ,356.060             
80, 08-02-2022 16:58:52, 100.000             ,478.199             ,28.906              ,4358.000            ,2.600               ,405.006             
80, 08-02-2022 16:58:53, 58.000              ,478.199             ,29.688              ,4425.000            ,2.300               ,444.666             
80, 08-02-2022 16:58:54, 18.000              ,478.176             ,32.422              ,4485.000            ,2.200               ,476.300             
80, 08-02-2022 16:58:55, 27.000              ,478.176             ,31.250              ,4527.000            ,2.100               ,505.326             
80, 08-02-2022 16:58:56, 42.000              ,478.176             ,29.297              ,4575.000            ,2.000               ,502.811             
80, 08-02-2022 16:58:57, 49.000              ,478.176             ,31.250              ,4633.000            ,2.000               ,544.487             
80, 08-02-2022 16:58:58, 58.000              ,478.176             ,29.297              ,4691.000            ,1.900               ,495.683             
80, 08-02-2022 16:58:59, 5.000               ,478.176             ,31.641              ,4724.000            ,1.800               ,585.158             
80, 08-02-2022 16:59:00, 0.000               ,478.176             ,28.125              ,4791.000            ,1.800               ,557.848             
80, 08-02-2022 16:59:01, 100.000             ,478.176             ,31.250              ,4832.000            ,1.800               ,557.649             
80, 08-02-2022 16:59:02, 100.000             ,478.176             ,31.250              ,4892.000            ,1.900               ,563.166             
80, 08-02-2022 16:59:03, 78.000              ,478.176             ,30.469              ,4948.000            ,1.900               ,528.231             
80, 08-02-2022 16:59:04, 64.000              ,478.176             ,28.125              ,4990.000            ,1.900               ,542.759             
80, 08-02-2022 16:59:05, 45.000              ,478.176             ,30.469              ,5032.000            ,1.900               ,518.114             
80, 08-02-2022 16:59:06, 43.000              ,478.176             ,32.813              ,5062.000            ,1.900               ,531.205             
80, 08-02-2022 16:59:07, 38.000              ,478.176             ,30.469              ,5094.000            ,1.900               ,531.897             
80, 08-02-2022 16:59:08, 0.000               ,478.176             ,32.422              ,5163.000            ,1.800               ,567.556             
80, 08-02-2022 16:59:09, 0.000               ,478.176             ,32.813              ,5196.000            ,1.900               ,511.950             
80, 08-02-2022 16:59:10, 0.000               ,478.176             ,29.688              ,5231.000            ,1.900               ,517.295             
80, 08-02-2022 16:59:11, 0.000               ,478.176             ,32.813              ,5281.000            ,1.800               ,572.529             
80, 08-02-2022 16:59:12, 52.000              ,478.176             ,30.859              ,5313.000            ,1.900               ,518.244             
80, 08-02-2022 16:59:13, 62.000              ,478.176             ,32.422              ,5364.000            ,1.800               ,561.331             
80, 08-02-2022 16:59:14, 100.000             ,478.176             ,30.078              ,5400.000            ,1.700               ,585.343             
80, 08-02-2022 16:59:15, 47.000              ,478.176             ,34.766              ,5443.000            ,1.700               ,560.622             
80, 08-02-2022 16:59:16, 0.000               ,478.176             ,42.188              ,5498.000            ,1.700               ,595.427             
80, 08-02-2022 16:59:17, 100.000             ,478.176             ,30.859              ,5549.000            ,1.500               ,680.279             
80, 08-02-2022 16:59:18, 18.000              ,478.176             ,29.297              ,5583.000            ,1.600               ,621.439             
80, 08-02-2022 16:59:19, 46.000              ,478.176             ,32.422              ,5633.000            ,1.700               ,583.203             
80, 08-02-2022 16:59:20, 100.000             ,478.176             ,29.297              ,5670.000            ,1.600               ,620.338             
80, 08-02-2022 16:59:21, 0.000               ,478.176             ,31.641              ,5719.000            ,1.500               ,643.314             
80, 08-02-2022 16:59:22, 58.000              ,478.176             ,30.469              ,5764.000            ,1.600               ,602.559             
80, 08-02-2022 16:59:23, 100.000             ,478.176             ,36.328              ,5806.000            ,1.600               ,652.971             
80, 08-02-2022 16:59:24, 65.000              ,478.176             ,30.859              ,5859.000            ,1.800               ,571.467             
80, 08-02-2022 16:59:25, 44.000              ,478.176             ,31.641              ,5890.000            ,1.900               ,552.164             
80, 08-02-2022 16:59:26, 100.000             ,478.176             ,30.078              ,5922.000            ,2.100               ,421.470             
80, 08-02-2022 16:59:27, 66.000              ,478.176             ,33.984              ,5973.000            ,2.600               ,419.268             
80, 08-02-2022 16:59:28, 36.000              ,478.176             ,29.688              ,6023.000            ,3.500               ,335.700             
80, 08-02-2022 16:59:29, 100.000             ,478.176             ,32.422              ,6045.000            ,6.600               ,189.925             
80, 08-02-2022 16:59:30, 80.000              ,478.176             ,29.297              ,6052.000            ,6.900               ,170.000             
80, 08-02-2022 16:59:31, 85.000              ,478.176             ,35.938              ,6058.000            ,6.500               ,169.377             
80, 08-02-2022 16:59:32, 80.000              ,478.176             ,30.469              ,6086.000            ,6.100               ,182.986             
80, 08-02-2022 16:59:33, 87.000              ,478.176             ,38.281              ,6104.000            ,6.000               ,182.720             
80, 08-02-2022 16:59:34, 100.000             ,478.176             ,27.344              ,6134.000            ,7.400               ,174.070             
80, 08-02-2022 16:59:35, 100.000             ,478.176             ,35.156              ,6152.000            ,7.100               ,184.451             
80, 08-02-2022 16:59:36, 100.000             ,478.176             ,33.594              ,6175.000            ,6.800               ,173.733             
80, 08-02-2022 16:59:37, 95.000              ,478.176             ,33.984              ,6204.000            ,7.000               ,146.079             
80, 08-02-2022 16:59:38, 99.000              ,478.176             ,32.031              ,6240.000            ,7.400               ,169.493             
80, 08-02-2022 16:59:39, 97.000              ,486.594             ,39.063              ,6292.000            ,6.800               ,176.811             
80, 08-02-2022 16:59:40, 86.000              ,508.160             ,46.875              ,6328.000            ,4.900               ,258.276             
80, 08-02-2022 16:59:41, 72.000              ,542.559             ,54.297              ,6388.000            ,2.800               ,382.908             
80, 08-02-2022 16:59:42, 4.000               ,582.141             ,60.938              ,6443.000            ,2.600               ,392.051             
80, 08-02-2022 16:59:43, 20.000              ,626.230             ,62.109              ,6477.000            ,2.100               ,536.966             
80, 08-02-2022 16:59:44, 83.000              ,668.988             ,51.563              ,6516.000            ,1.900               ,611.490             
80, 08-02-2022 16:59:45, 59.000              ,705.895             ,60.547              ,6554.000            ,1.900               ,541.618             
80, 08-02-2022 16:59:46, 0.000               ,728.184             ,53.125              ,6583.000            ,1.800               ,612.550             
80, 08-02-2022 16:59:47, 33.000              ,777.504             ,54.688              ,6625.000            ,1.800               ,637.149             
80, 08-02-2022 16:59:48, 100.000             ,813.246             ,60.547              ,6661.000            ,1.900               ,545.647             
80, 08-02-2022 16:59:49, 17.000              ,858.402             ,67.188              ,6692.000            ,1.500               ,731.021             
80, 08-02-2022 16:59:50, 27.000              ,887.766             ,59.206              ,6728.000            ,1.600               ,671.618             
80, 08-02-2022 16:59:51, 15.000              ,930.543             ,72.240              ,6754.000            ,1.400               ,698.383             
80, 08-02-2022 16:59:52, 17.000              ,950.324             ,54.688              ,6795.000            ,1.500               ,625.356             
80, 08-02-2022 16:59:53, 99.000              ,996.434             ,76.563              ,6820.000            ,1.600               ,760.580             
80, 08-02-2022 16:59:54, 0.000               ,1024.340            ,52.734              ,6865.000            ,1.600               ,782.541             
80, 08-02-2022 16:59:55, 15.000              ,1072.699            ,74.985              ,6893.000            ,1.400               ,760.893             
80, 08-02-2022 16:59:56, 51.000              ,1095.348            ,55.584              ,6933.000            ,1.300               ,710.057             
80, 08-02-2022 16:59:57, 49.000              ,1133.945            ,61.328              ,6961.000            ,1.300               ,731.759             
80, 08-02-2022 16:59:58, 34.000              ,1173.988            ,78.516              ,6997.000            ,1.200               ,781.041             
80, 08-02-2022 16:59:59, 94.000              ,1205.473            ,60.156              ,7039.000            ,1.200               ,773.216             
80, 08-02-2022 17:00:00, 0.000               ,1232.832            ,57.813              ,7082.000            ,1.200               ,791.605             
80, 08-02-2022 17:00:01, 39.000              ,1278.375            ,66.797              ,7114.000            ,1.100               ,923.075             
80, 08-02-2022 17:00:02, 65.000              ,1325.301            ,71.484              ,7144.000            ,1.100               ,861.199             
80, 08-02-2022 17:00:03, 100.000             ,1363.578            ,65.625              ,7176.000            ,1.100               ,806.030             
80, 08-02-2022 17:00:04, 89.000              ,1399.832            ,63.824              ,7214.000            ,1.100               ,920.990             
80, 08-02-2022 17:00:05, 100.000             ,1439.832            ,64.308              ,7247.000            ,1.000               ,981.433             
80, 08-02-2022 17:00:06, 100.000             ,1473.824            ,63.672              ,7281.000            ,1.000               ,0.000               
80, 08-02-2022 17:00:07, 63.000              ,1506.270            ,59.435              ,7315.000            ,0.900               ,1093.236            
80, 08-02-2022 17:00:08, 47.000              ,1544.148            ,66.458              ,7347.000            ,0.800               ,1188.346            
80, 08-02-2022 17:00:09, 17.000              ,1576.477            ,64.844              ,7383.000            ,0.900               ,937.462             
80, 08-02-2022 17:00:10, 0.000               ,1590.668            ,65.625              ,7410.000            ,0.900               ,1012.163            
80, 08-02-2022 17:00:11, 0.000               ,1622.637            ,74.609              ,7408.000            ,0.900               ,1086.611            
80, 08-02-2022 17:00:12, 33.000              ,1660.887            ,72.656              ,7434.000            ,0.800               ,1192.741            
80, 08-02-2022 17:00:13, 61.000              ,1699.809            ,71.484              ,7461.000            ,0.900               ,1049.762            
80, 08-02-2022 17:00:14, 99.000              ,1737.855            ,73.828              ,7484.000            ,0.800               ,1150.027            
80, 08-02-2022 17:00:15, 100.000             ,1781.660            ,59.766              ,7519.000            ,0.800               ,1114.588            
80, 08-02-2022 17:00:16, 100.000             ,1817.395            ,60.745              ,7552.000            ,0.800               ,1135.588            
80, 08-02-2022 17:00:17, 100.000             ,1854.895            ,67.084              ,7596.000            ,0.800               ,0.000               
80, 08-02-2022 17:00:18, 0.000               ,1864.918            ,69.922              ,7629.000            ,0.700               ,1392.884            
80, 08-02-2022 17:00:19, 100.000             ,1904.652            ,96.094              ,7628.000            ,0.700               ,1399.722            
80, 08-02-2022 17:00:20, 52.000              ,1956.809            ,59.766              ,7685.000            ,0.800               ,1217.772            
80, 08-02-2022 17:00:21, 0.000               ,1956.809            ,73.828              ,7613.000            ,0.800               ,0.000               
80, 08-02-2022 17:00:22, 95.000              ,1993.012            ,80.078              ,7633.000            ,0.500               ,1676.361            
80, 08-02-2022 17:00:23, 36.000              ,2037.395            ,68.359              ,7683.000            ,0.700               ,1331.401            
80, 08-02-2022 17:00:24, 0.000               ,2037.395            ,64.453              ,7644.000            ,0.700               ,0.000               
80, 08-02-2022 17:00:25, 96.000              ,2038.148            ,97.656              ,7727.000            ,0.500               ,1770.828            
80, 08-02-2022 17:00:26, 100.000             ,2038.223            ,73.738              ,7709.000            ,0.500               ,0.000               
80, 08-02-2022 17:00:27, 0.000               ,2037.066            ,75.514              ,7766.000            ,0.600               ,1528.141            
80, 08-02-2022 17:00:28, 75.000              ,2034.906            ,77.734              ,7880.000            ,0.600               ,1559.274            
80, 08-02-2022 17:00:29, 0.000               ,2034.906            ,75.391              ,7807.000            ,0.600               ,0.000               
80, 08-02-2022 17:00:30, 46.000              ,2032.762            ,90.234              ,7847.000            ,0.500               ,1694.519            
80, 08-02-2022 17:00:31, 74.000              ,2033.113            ,69.212              ,7809.000            ,0.600               ,1467.229            
80, 08-02-2022 17:00:32, 0.000               ,2029.785            ,67.481              ,7812.000            ,0.600               ,0.000               
80, 08-02-2022 17:00:33, 99.000              ,2025.820            ,94.997              ,7844.000            ,0.600               ,1569.089            
80, 08-02-2022 17:00:34, 70.000              ,2025.953            ,78.906              ,7819.000            ,0.600               ,0.000               
80, 08-02-2022 17:00:35, 0.000               ,2024.332            ,73.826              ,7809.000            ,0.600               ,1589.896            
80, 08-02-2022 17:00:36, 71.000              ,2023.766            ,94.141              ,7931.000            ,0.700               ,1324.164            
80, 08-02-2022 17:00:37, 100.000             ,2023.660            ,86.719              ,7863.000            ,0.700               ,0.000               
80, 08-02-2022 17:00:38, 70.000              ,2022.391            ,93.750              ,8039.000            ,0.600               ,1630.061            
80, 08-02-2022 17:00:39, 72.000              ,2018.578            ,82.422              ,8045.000            ,0.600               ,1635.251            
80, 08-02-2022 17:00:40, 60.000              ,2021.055            ,78.516              ,7982.000            ,0.600               ,0.000               
80, 08-02-2022 17:00:41, 27.000              ,2018.691            ,98.828              ,7762.000            ,0.500               ,1676.351            
80, 08-02-2022 17:00:42, 99.000              ,2019.246            ,86.719              ,7596.000            ,0.900               ,1075.789            
80, 08-02-2022 17:00:43, 51.000              ,2018.355            ,88.281              ,7657.000            ,0.800               ,1230.540            
80, 08-02-2022 17:00:44, 62.000              ,2017.922            ,82.422              ,7679.000            ,0.800               ,1162.633            
80, 08-02-2022 17:00:45, 46.000              ,2017.594            ,87.891              ,7726.000            ,0.800               ,0.000               
80, 08-02-2022 17:00:46, 12.000              ,2018.078            ,85.809              ,7759.000            ,0.700               ,1298.501            
80, 08-02-2022 17:00:47, 99.000              ,2018.277            ,94.268              ,7886.000            ,0.800               ,1116.752            
80, 08-02-2022 17:00:48, 100.000             ,2017.410            ,93.429              ,7787.000            ,0.800               ,1226.323            
80, 08-02-2022 17:00:49, 99.000              ,2017.410            ,99.219              ,7420.000            ,0.800               ,0.000               
80, 08-02-2022 17:00:50, 100.000             ,2016.051            ,87.925              ,7429.000            ,0.600               ,1508.318            
80, 08-02-2022 17:00:51, 99.000              ,2017.410            ,79.775              ,7430.000            ,1.000               ,1057.032            
80, 08-02-2022 17:00:52, 24.000              ,2017.410            ,67.578              ,7433.000            ,1.700               ,276.269             
80, 08-02-2022 17:00:53, 61.000              ,2017.410            ,87.685              ,7437.000            ,0.800               ,1222.683            
80, 08-02-2022 17:00:54, 62.000              ,2017.410            ,87.706              ,7437.000            ,0.900               ,844.468             
80, 08-02-2022 17:00:55, 66.000              ,2017.410            ,81.912              ,7439.000            ,1.100               ,894.591             
80, 08-02-2022 17:00:56, 99.000              ,2017.410            ,86.120              ,7439.000            ,1.100               ,854.041             
80, 08-02-2022 17:00:57, 92.000              ,2017.410            ,83.594              ,7438.000            ,1.200               ,788.784             
80, 08-02-2022 17:00:58, 9.000               ,2017.410            ,84.221              ,7438.000            ,1.200               ,861.637             
80, 08-02-2022 17:00:59, 100.000             ,2017.410            ,85.723              ,7437.000            ,1.100               ,823.325             
80, 08-02-2022 17:01:00, 66.000              ,2017.410            ,86.530              ,7437.000            ,1.100               ,896.072             
80, 08-02-2022 17:01:01, 99.000              ,2017.410            ,82.031              ,7436.000            ,1.200               ,840.278             
80, 08-02-2022 17:01:02, 99.000              ,2017.410            ,82.551              ,7436.000            ,1.200               ,794.624             
80, 08-02-2022 17:01:03, 70.000              ,2017.410            ,83.984              ,7436.000            ,1.200               ,857.981             
80, 08-02-2022 17:01:04, 22.000              ,2017.410            ,85.376              ,7436.000            ,1.200               ,737.646             
80, 08-02-2022 17:01:05, 100.000             ,2017.410            ,90.086              ,7435.000            ,1.100               ,875.571             
80, 08-02-2022 17:01:06, 81.000              ,2017.410            ,83.594              ,7435.000            ,1.100               ,819.139             
80, 08-02-2022 17:01:07, 99.000              ,2017.410            ,82.813              ,7435.000            ,1.100               ,859.897             
80, 08-02-2022 17:01:08, 2.000               ,2017.410            ,79.988              ,7436.000            ,1.200               ,720.371             
80, 08-02-2022 17:01:09, 35.000              ,2017.410            ,88.103              ,7436.000            ,1.200               ,880.922             
80, 08-02-2022 17:01:10, 64.000              ,2017.410            ,88.281              ,7435.000            ,1.100               ,854.694             
80, 08-02-2022 17:01:11, 99.000              ,2017.410            ,83.451              ,7435.000            ,1.100               ,843.171             
80, 08-02-2022 17:01:12, 99.000              ,2017.410            ,86.516              ,7435.000            ,1.100               ,846.811             
80, 08-02-2022 17:01:13, 0.000               ,2017.410            ,83.984              ,7434.000            ,1.200               ,726.374             
80, 08-02-2022 17:01:14, 77.000              ,2017.410            ,88.070              ,7426.000            ,1.200               ,856.656             
80, 08-02-2022 17:01:15, 88.000              ,2013.398            ,91.016              ,7429.000            ,1.100               ,890.535             
80, 08-02-2022 17:01:16, 99.000              ,2017.410            ,63.515              ,7427.000            ,1.900               ,720.306             
80, 08-02-2022 17:01:17, 0.000               ,2017.410            ,81.641              ,7445.000            ,1.900               ,0.000               
80, 08-02-2022 17:01:18, 46.000              ,2017.410            ,90.149              ,7456.000            ,0.700               ,1319.567            